7,100
4,101
8,102
6,103
6,104
2,105
4,106
3,107
1,108
5,109
2,110
6,111
1,112
6,113
5,114
8,115
7,116
2,117
8,118
1,119
8,120
5,121
6,122
6,123
6,124
5,125
7,126
2,127
5,128
2,129
7,130
1,131
2,132
1,133
8,134
3,135
4,136
1,137
1,138
8,139
5,140
8,141
6,142
2,143
4,144
6,145
3,146
3,147
2,148
8,149
3,150
5,151
1,152
6,153
3,154
3,155
1,156
3,157
4,158
2,159
7,160
7,161
7,162
2,163
4,164
8,165
5,166
7,167
6,168
3,169
3,170
2,171
7,172
2,173
8,174
2,175
7,176
1,177
5,178
1,179
3,180
6,181
5,182
3,183
6,184
1,185
1,186
3,187
8,188
7,189
1,190
4,191
1,192
8,193
8,194
1,195
6,196
7,197
3,198
4,199
5,200
5,201
7,202
1,203
6,204
4,205
1,206
7,207
1,208
7,209
1,210
3,211
1,212
4,213
3,214
5,215
3,216
5,217
7,218
4,219
5,220
6,221
1,222
3,223
1,224
4,225
3,226
4,227
2,228
2,229
8,230
7,231
5,232
6,233
7,234
5,235
4,236
8,237
1,238
7,239
6,240
7,241
6,242
7,243
3,244
5,245
2,246
5,247
6,248
4,249
3,250
3,251
3,252
6,253
8,254
5,255
8,256
6,257
1,258
2,259
6,260
8,261
5,262
6,263
2,264
5,265
1,266
2,267
6,268
6,269
6,270
7,271
3,272
1,273
5,274
8,275
6,276
2,277
3,278
2,279
6,280
7,281
4,282
6,283
3,284
3,285
3,286
6,287
7,288
5,289
5,290
3,291
8,292
8,293
2,294
1,295
5,296
1,297
3,298
3,299
8,300
2,301
5,302
2,303
3,304
6,305
8,306
8,307
4,308
1,309
7,310
8,311
3,312
2,313
8,314
8,315
1,316
5,317
1,318
1,319
8,320
6,321
7,322
2,323
7,324
1,325
5,326
8,327
2,328
5,329
1,330
4,331
6,332
4,333
7,334
5,335
7,336
2,337
5,338
7,339
6,340
6,341
8,342
3,343
1,344
3,345
4,346
2,347
7,348
6,349
